V 54
K 1
D 0 -254000 2540000 0
Y 1
U 2159000 762000 254000 0 2 3 REFDES=U?
U 2159000 508000 254000 0 2 3 DEVICE=STS41A-AWLB-R3
U 2159000 254000 254000 0 2 0 PKG_TYPE=STS41AAWLBR3
U 2159000 0 254000 0 2 0 Description=Temperature Sensor Digital, Local -40C ~ 125C 16 b
U 2159000 -254000 254000 0 2 0 Datasheet Link=https://www.mouser.ee/datasheet/3/1278/1/43275AE2DF69B96E1EE51D04FE33A8965C8A26ED3D33DDCB8BA22F99BAA99334.pdf
U 2159000 -508000 254000 0 2 0 Height=0.65
U 2159000 -762000 254000 0 2 0 Mouser Part Number=
U 2159000 -1016000 254000 0 2 0 Mouser Price/Stock=
U 2159000 -1270000 254000 0 2 0 Manufacturer_Name=Sensirion
U 2159000 -1524000 254000 0 2 0 Manufacturer_Part_Number=STS41A-AWLB-R3
U 0 0 254000 0 1 0 FORWARD_PCB=1
l 5 508000 254000 2032000 254000 2032000 -508000 508000 -508000 508000 254000
|GRPHSTL -1 -1 -1 1
P 1 0 0 508000 0 0 2 0
L 584200 0 228600 0 2 0 1 0 SDA
A 355600 50800 203200 0 9 3 #=1
A 0 0 9 0 3 0 PINTYPE=BI
P 2 0 -254000 508000 -254000 0 2 0
L 584200 -254000 228600 0 2 0 1 0 SCL
A 355600 -203200 203200 0 9 3 #=2
A 0 0 9 0 3 0 PINTYPE=BI
P 3 2540000 -254000 2032000 -254000 0 3 0
L 1955800 -254000 228600 0 8 0 1 0 VDD
A 2184400 -203200 203200 0 3 3 #=3
A 0 0 9 0 3 0 PINTYPE=BI
P 4 2540000 0 2032000 0 0 3 0
L 1955800 0 228600 0 8 0 1 0 VSS
A 2184400 50800 203200 0 3 3 #=4
A 0 0 9 0 3 0 PINTYPE=BI
E
