V 54
K 1
D 0 -762000 2540000 0
Y 1
U 2159000 762000 254000 0 2 3 REFDES=U?
U 2159000 508000 254000 0 2 3 DEVICE=FM24V02A-G
U 2159000 254000 254000 0 2 0 PKG_TYPE=SOIC127P602X173-8N
U 2159000 0 254000 0 2 0 Description=Cypress Semiconductor FM24V02A-G Serial-I2C FRAM Memory, 256kbit, 2  3.6 V SOIC 8-Pin
U 2159000 -254000 254000 0 2 0 Datasheet Link=https://ms.componentsearchengine.com/Datasheets/2/FM24V02A-G.pdf
U 2159000 -508000 254000 0 2 0 Height=1.727
U 2159000 -762000 254000 0 2 0 Mouser Part Number=727-FM24V02A-G
U 2159000 -1016000 254000 0 2 0 Mouser Price/Stock=https://www.mouser.co.uk/ProductDetail/Cypress-Semiconductor/FM24V02A-G/?qs=ILgNtqsyH23xixHZ0uhhNg%3D%3D
U 2159000 -1270000 254000 0 2 0 Manufacturer_Name=Infineon
U 2159000 -1524000 254000 0 2 0 Manufacturer_Part_Number=FM24V02A-G
U 0 0 254000 0 1 0 FORWARD_PCB=1
l 5 508000 254000 2032000 254000 2032000 -1016000 508000 -1016000 508000 254000
|GRPHSTL -1 -1 -1 1
P 1 0 0 508000 0 0 2 0
L 584200 0 228600 0 2 0 1 0 A0
A 355600 50800 203200 0 9 3 #=1
A 0 0 9 0 3 0 PINTYPE=BI
P 2 0 -254000 508000 -254000 0 2 0
L 584200 -254000 228600 0 2 0 1 0 A1
A 355600 -203200 203200 0 9 3 #=2
A 0 0 9 0 3 0 PINTYPE=BI
P 3 0 -508000 508000 -508000 0 2 0
L 584200 -508000 228600 0 2 0 1 0 A2
A 355600 -457200 203200 0 9 3 #=3
A 0 0 9 0 3 0 PINTYPE=BI
P 4 0 -762000 508000 -762000 0 2 0
L 584200 -762000 228600 0 2 0 1 0 VSS
A 355600 -711200 203200 0 9 3 #=4
A 0 0 9 0 3 0 PINTYPE=BI
P 5 2540000 0 2032000 0 0 3 0
L 1955800 0 228600 0 8 0 1 0 VDD
A 2184400 50800 203200 0 3 3 #=8
A 0 0 9 0 3 0 PINTYPE=BI
P 6 2540000 -254000 2032000 -254000 0 3 0
L 1955800 -254000 228600 0 8 0 1 0 WP
A 2184400 -203200 203200 0 3 3 #=7
A 0 0 9 0 3 0 PINTYPE=BI
P 7 2540000 -508000 2032000 -508000 0 3 0
L 1955800 -508000 228600 0 8 0 1 0 SCL
A 2184400 -457200 203200 0 3 3 #=6
A 0 0 9 0 3 0 PINTYPE=BI
P 8 2540000 -762000 2032000 -762000 0 3 0
L 1955800 -762000 228600 0 8 0 1 0 SDA
A 2184400 -711200 203200 0 3 3 #=5
A 0 0 9 0 3 0 PINTYPE=BI
E
