V 54
K 1
D 0 -508000 1524000 0
Y 1
U 1270000 635000 254000 0 2 3 REFDES=S?
U 1270000 381000 254000 0 2 3 DEVICE=TS40-66-50-R-260-SMT-TR
U 1270000 127000 254000 0 2 0 PKG_TYPE=TS406650R260SMTTR
U 1270000 -127000 254000 0 2 0 Description=6 x 6 mm, 5 mm Actuator Height Off PCB, 260 gf, Red, Surface Mount, SPST, Tactile Switch
U 1270000 -381000 254000 0 2 0 Datasheet Link=https://www.sameskydevices.com/product/resource/ts40.pdf
U 1270000 -635000 254000 0 2 0 Height=5.1
U 1270000 -889000 254000 0 2 0 Mouser Part Number=
U 1270000 -1143000 254000 0 2 0 Mouser Price/Stock=
U 1270000 -1397000 254000 0 2 0 Manufacturer_Name=Same Sky
U 1270000 -1651000 254000 0 2 0 Manufacturer_Part_Number=TS40-66-50-R-260-SMT-TR
U 0 0 254000 0 1 0 FORWARD_PCB=1
l 2 254000 -508000 254000 0
|GRPHSTL -1 -1 -1 1
l 2 254000 -254000 508000 -254000
|GRPHSTL -1 -1 -1 1
l 2 1016000 -254000 1270000 -254000
|GRPHSTL -1 -1 -1 1
l 2 1270000 -508000 1270000 0
|GRPHSTL -1 -1 -1 1
l 2 609600 -228600 838200 0
|GRPHSTL -1 -1 -1 1
c 558800 -254000 50800
|GRPHSTL -1 -1 -1 3
c 965200 -254000 50800
|GRPHSTL -1 -1 -1 3
P 1 0 0 254000 0 0 2 0
L 355600 25400 228600 0 2 0 3 0 COM_1
A 152400 25400 203200 0 9 3 #=1
A 0 0 9 0 3 0 PINTYPE=BI
P 2 0 -508000 254000 -508000 0 2 0
L 355600 -482600 228600 0 2 0 3 0 COM_2
A 152400 -482600 203200 0 9 3 #=2
A 0 0 9 0 3 0 PINTYPE=BI
P 3 1524000 0 1270000 0 0 3 0
L 1168400 25400 228600 0 8 0 3 0 NO_1
A 1371600 25400 203200 0 3 3 #=3
A 0 0 9 0 3 0 PINTYPE=BI
P 4 1524000 -508000 1270000 -508000 0 3 0
L 1168400 -482600 228600 0 8 0 3 0 NO_2
A 1371600 -482600 203200 0 3 3 #=4
A 0 0 9 0 3 0 PINTYPE=BI
E
