V 54
K 1
D 0 -3810000 6096000 1778000
Y 1
U 5715000 1778000 254000 0 2 3 REFDES=IC?
U 5715000 1524000 254000 0 2 3 DEVICE=LAN8742A-CZ-TR
U 5715000 1270000 254000 0 2 0 PKG_TYPE=QFN50P400X400X100-25N-D
U 5715000 1016000 254000 0 2 0 Description=Ethernet ICs
U 5715000 762000 254000 0 2 0 Datasheet Link=http://ww1.microchip.com/downloads/en/DeviceDoc/8742a.pdf
U 5715000 508000 254000 0 2 0 Height=1
U 5715000 254000 254000 0 2 0 Mouser Part Number=579-LAN8742A-CZ-TR
U 5715000 0 254000 0 2 0 Mouser Price/Stock=https://www.mouser.co.uk/ProductDetail/Microchip-Technology/LAN8742A-CZ-TR?qs=6qKXPk0vzx0Y6uPCt7MXWw%3D%3D
U 5715000 -254000 254000 0 2 0 Manufacturer_Name=Microchip
U 5715000 -508000 254000 0 2 0 Manufacturer_Part_Number=LAN8742A-CZ-TR
U 0 0 254000 0 1 0 FORWARD_PCB=1
l 5 508000 1270000 5588000 1270000 5588000 -3302000 508000 -3302000 508000 1270000
|GRPHSTL -1 -1 -1 1
P 1 0 0 508000 0 0 2 0
L 584200 0 228600 0 2 0 1 0 VDD2A
A 355600 50800 203200 0 9 3 #=1
A 0 0 9 0 3 0 PINTYPE=BI
P 2 0 -254000 508000 -254000 0 2 0
L 584200 -254000 228600 0 2 0 1 0 LED2/NINT/NPME/NINTSEL
A 355600 -203200 203200 0 9 3 #=2
A 0 0 9 0 3 0 PINTYPE=BI
P 3 0 -508000 508000 -508000 0 2 0
L 584200 -508000 228600 0 2 0 1 0 LED1/NINT/NPME/REGOFF
A 355600 -457200 203200 0 9 3 #=3
A 0 0 9 0 3 0 PINTYPE=BI
P 4 0 -762000 508000 -762000 0 2 0
L 584200 -762000 228600 0 2 0 1 0 XTAL2
A 355600 -711200 203200 0 9 3 #=4
A 0 0 9 0 3 0 PINTYPE=BI
P 5 0 -1016000 508000 -1016000 0 2 0
L 584200 -1016000 228600 0 2 0 1 0 XTAL1/CLKIN
A 355600 -965200 203200 0 9 3 #=5
A 0 0 9 0 3 0 PINTYPE=BI
P 6 0 -1270000 508000 -1270000 0 2 0
L 584200 -1270000 228600 0 2 0 1 0 VDDCR
A 355600 -1219200 203200 0 9 3 #=6
A 0 0 9 0 3 0 PINTYPE=BI
P 7 2286000 -3810000 2286000 -3302000 0 1 0
L 2286000 -3225800 228600 1 2 0 1 0 RXD1/MODE1
A 2235200 -3454400 203200 1 9 3 #=7
A 0 0 9 0 3 0 PINTYPE=BI
P 8 2540000 -3810000 2540000 -3302000 0 1 0
L 2540000 -3225800 228600 1 2 0 1 0 RXD0/MODE0
A 2489200 -3454400 203200 1 9 3 #=8
A 0 0 9 0 3 0 PINTYPE=BI
P 9 2794000 -3810000 2794000 -3302000 0 1 0
L 2794000 -3225800 228600 1 2 0 1 0 VDDIO
A 2743200 -3454400 203200 1 9 3 #=9
A 0 0 9 0 3 0 PINTYPE=BI
P 10 3048000 -3810000 3048000 -3302000 0 1 0
L 3048000 -3225800 228600 1 2 0 1 0 RXER/PHYAD0
A 2997200 -3454400 203200 1 9 3 #=10
A 0 0 9 0 3 0 PINTYPE=BI
P 11 3302000 -3810000 3302000 -3302000 0 1 0
L 3302000 -3225800 228600 1 2 0 1 0 CRS_DV/MODE2
A 3251200 -3454400 203200 1 9 3 #=11
A 0 0 9 0 3 0 PINTYPE=BI
P 12 3556000 -3810000 3556000 -3302000 0 1 0
L 3556000 -3225800 228600 1 2 0 1 0 MDIO
A 3505200 -3454400 203200 1 9 3 #=12
A 0 0 9 0 3 0 PINTYPE=BI
P 13 6096000 0 5588000 0 0 3 0
L 5511800 0 228600 0 8 0 1 0 TXD1
A 5740400 50800 203200 0 3 3 #=18
A 0 0 9 0 3 0 PINTYPE=BI
P 14 6096000 -254000 5588000 -254000 0 3 0
L 5511800 -254000 228600 0 8 0 1 0 TXD0
A 5740400 -203200 203200 0 3 3 #=17
A 0 0 9 0 3 0 PINTYPE=BI
P 15 6096000 -508000 5588000 -508000 0 3 0
L 5511800 -508000 228600 0 8 0 1 0 TXEN
A 5740400 -457200 203200 0 3 3 #=16
A 0 0 9 0 3 0 PINTYPE=BI
P 16 6096000 -762000 5588000 -762000 0 3 0
L 5511800 -762000 228600 0 8 0 1 0 NRST
A 5740400 -711200 203200 0 3 3 #=15
A 0 0 9 0 3 0 PINTYPE=BI
P 17 6096000 -1016000 5588000 -1016000 0 3 0
L 5511800 -1016000 228600 0 8 0 1 0 NINT/REFCLKO
A 5740400 -965200 203200 0 3 3 #=14
A 0 0 9 0 3 0 PINTYPE=BI
P 18 6096000 -1270000 5588000 -1270000 0 3 0
L 5511800 -1270000 228600 0 8 0 1 0 MDC
A 5740400 -1219200 203200 0 3 3 #=13
A 0 0 9 0 3 0 PINTYPE=BI
P 19 2286000 1778000 2286000 1270000 0 0 0
L 2286000 1193800 228600 1 8 0 1 0 EP
A 2235200 1422400 203200 1 3 3 #=25
A 0 0 9 0 3 0 PINTYPE=BI
P 20 2540000 1778000 2540000 1270000 0 0 0
L 2540000 1193800 228600 1 8 0 1 0 RBIAS
A 2489200 1422400 203200 1 3 3 #=24
A 0 0 9 0 3 0 PINTYPE=BI
P 21 2794000 1778000 2794000 1270000 0 0 0
L 2794000 1193800 228600 1 8 0 1 0 RXP
A 2743200 1422400 203200 1 3 3 #=23
A 0 0 9 0 3 0 PINTYPE=BI
P 22 3048000 1778000 3048000 1270000 0 0 0
L 3048000 1193800 228600 1 8 0 1 0 RXN
A 2997200 1422400 203200 1 3 3 #=22
A 0 0 9 0 3 0 PINTYPE=BI
P 23 3302000 1778000 3302000 1270000 0 0 0
L 3302000 1193800 228600 1 8 0 1 0 TXP
A 3251200 1422400 203200 1 3 3 #=21
A 0 0 9 0 3 0 PINTYPE=BI
P 24 3556000 1778000 3556000 1270000 0 0 0
L 3556000 1193800 228600 1 8 0 1 0 TXN
A 3505200 1422400 203200 1 3 3 #=20
A 0 0 9 0 3 0 PINTYPE=BI
P 25 3810000 1778000 3810000 1270000 0 0 0
L 3810000 1193800 228600 1 8 0 1 0 VDD1A
A 3759200 1422400 203200 1 3 3 #=19
A 0 0 9 0 3 0 PINTYPE=BI
E
